718.667 0 497.667
722.507 0 495.196
726.403 0 492.588
730.346 0 489.848
734.331 0 486.978
738.348 0 483.985
742.391 0 480.873
746.453 0 477.647
750.524 0 474.31
754.599 0 470.869
758.67 0 467.326
762.729 0 463.688
766.769 0 459.958
770.782 0 456.141
774.76 0 452.243
778.697 0 448.266
782.585 0 444.217
786.416 0 440.099
790.183 0 435.918
793.878 0 431.678
797.495 0 427.383
801.024 0 423.038
804.46 0 418.648
807.794 0 414.217
811.019 0 409.751
814.128 0 405.253
817.112 0 400.728
819.965 0 396.181
822.68 0 391.616
825.247 0 387.039
827.661 0 382.453
829.914 0 377.864
831.997 0 373.275
833.905 0 368.692
834.5 0 367.167
836.162 0 362.598
837.641 0 358.043
838.939 0 353.503
840.06 0 348.98
841.005 0 344.476
841.779 0 339.993
842.383 0 335.533
842.82 0 331.098
843.094 0 326.689
843.207 0 322.308
843.163 0 317.957
842.963 0 313.638
842.611 0 309.353
842.109 0 305.103
841.461 0 300.891
840.669 0 296.718
839.736 0 292.586
838.665 0 288.497
837.459 0 284.452
836.12 0 280.455
834.652 0 276.505
833.057 0 272.606
831.338 0 268.759
829.497 0 264.966
827.539 0 261.229
825.465 0 257.55
823.279 0 253.929
820.983 0 250.37
818.58 0 246.875
816.073 0 243.444
813.464 0 240.08
810.757 0 236.784
807.955 0 233.559
807 0 232.5
804.074 0 229.372
801.059 0 226.317
797.955 0 223.337
794.764 0 220.433
791.489 0 217.606
788.131 0 214.856
784.691 0 212.185
781.172 0 209.593
777.575 0 207.082
773.903 0 204.653
770.155 0 202.305
766.336 0 200.041
762.445 0 197.861
758.486 0 195.766
754.46 0 193.758
750.368 0 191.836
746.212 0 190.003
741.994 0 188.258
737.716 0 186.604
733.38 0 185.04
728.987 0 183.568
724.539 0 182.189
720.038 0 180.903
715.485 0 179.712
710.883 0 178.617
706.233 0 177.618
701.536 0 176.717
696.795 0 175.914
692.012 0 175.211
687.188 0 174.607
682.324 0 174.106
677.423 0 173.706
672.487 0 173.409
670.833 0 173.333
665.852 0.00018 173.175
660.84 0.00144 173.12
655.801 0.00486 173.167
650.737 0.01152 173.314
645.65 0.0225 173.559
640.544 0.03888 173.902
635.422 0.06174 174.341
630.285 0.09216 174.874
625.138 0.13122 175.501
619.982 0.18 176.219
614.821 0.23958 177.028
609.657 0.31104 177.926
604.493 0.39546 178.911
599.332 0.49392 179.982
594.176 0.6075 181.139
589.029 0.73728 182.378
583.894 0.88434 183.7
578.772 1.04976 185.101
573.667 1.23462 186.583
568.581 1.44 188.141
563.518 1.66698 189.776
558.48 1.91664 191.486
553.47 2.19006 193.27
548.49 2.48832 195.126
543.544 2.8125 197.052
538.634 3.16368 199.048
533.764 3.54294 201.111
528.935 3.95136 203.241
524.15 4.39001 205.436
519.413 4.85999 207.695
514.726 5.36237 210.016
510.092 5.89823 212.398
505.513 6.46865 214.84
504 6.66667 215.667
499.5 7.28431 218.185
495.063 7.93579 220.76
490.691 8.61895 223.39
486.387 9.33163 226.074
482.154 10.0717 228.811
477.995 10.8369 231.599
473.914 11.6252 234.437
469.912 12.4343 237.324
465.993 13.2622 240.259
462.16 14.1067 243.24
458.417 14.9655 246.266
454.764 15.8366 249.336
451.207 16.7177 252.449
447.747 17.6068 255.603
444.388 18.5017 258.798
441.132 19.4001 262.032
437.983 20.3 265.303
434.943 21.1991 268.611
432.016 22.0954 271.954
429.204 22.9867 275.331
426.51 23.8707 278.74
423.938 24.7454 282.182
421.489 25.6085 285.653
419.168 26.458 289.154
416.977 27.2917 292.682
414.918 28.1073 296.237
412.996 28.9028 299.817
411.212 29.6759 303.422
409.571 30.4246 307.049
408.073 31.1467 310.698
406.724 31.8399 314.367
405.526 32.5022 318.055
404.48 33.1313 321.761
404.167 33.3333 323
403.33 33.9153 326.728
402.646 34.4613 330.469
402.111 34.9713 334.221
401.72 35.4453 337.982
401.47 35.8833 341.748
401.355 36.2853 345.517
401.372 36.6513 349.287
401.516 36.9813 353.055
401.782 37.2753 356.818
402.167 37.5333 360.573
402.666 37.7553 364.319
403.275 37.9413 368.052
403.989 38.0913 371.77
404.804 38.2053 375.47
405.715 38.2833 379.149
406.719 38.3253 382.806
407.811 38.3313 386.436
408.986 38.3013 390.039
410.241 38.2353 393.61
411.571 38.1333 397.148
412.971 37.9953 400.65
414.437 37.8213 404.113
415.965 37.6113 407.534
417.551 37.3653 410.911
419.19 37.0833 414.242
420.878 36.7653 417.524
422.61 36.4113 420.753
424.382 36.0213 423.928
426.191 35.5953 427.046
428.03 35.1333 430.104
429.897 34.6353 433.1
431.786 34.1013 436.031
433.694 33.5313 438.894
434.333 33.3333 439.833
436.26 32.7158 442.602
438.199 32.0649 445.299
440.152 31.3835 447.92
442.119 30.6741 450.465
444.1 29.9396 452.932
446.097 29.1825 455.319
448.108 28.4057 457.625
450.136 27.6117 459.846
452.179 26.8034 461.982
454.24 25.9833 464.031
456.317 25.1543 465.991
458.413 24.3189 467.861
460.526 23.48 469.638
462.658 22.6401 471.321
464.809 21.8021 472.907
466.979 20.9685 474.396
469.17 20.1422 475.785
471.381 19.3257 477.073
473.612 18.5219 478.258
475.865 17.7333 479.337
478.14 16.9628 480.31
480.437 16.2129 481.175
482.757 15.4865 481.929
485.1 14.7861 482.571
487.466 14.1146 483.099
489.857 13.4745 483.511
492.272 12.8687 483.807
494.712 12.2997 483.982
497.177 11.7704 484.037
499.669 11.2833 483.969
502.187 10.8413 483.777
504.731 10.4469 483.458
507.303 10.103 483.011
508.167 10 482.833
510.775 9.72655 482.215
513.408 9.5044 481.475
516.062 9.33085 480.623
518.734 9.2032 479.669
521.421 9.11875 478.621
524.119 9.0748 477.49
526.825 9.06865 476.284
529.536 9.0976 475.012
532.248 9.15895 473.685
534.958 9.25 472.311
537.663 9.36805 470.899
540.359 9.5104 469.46
543.043 9.67435 468.002
545.712 9.8572 466.534
548.362 10.0563 465.067
550.991 10.2688 463.608
553.594 10.4921 462.168
556.168 10.7236 460.757
558.711 10.9604 459.382
561.219 11.2 458.053
563.688 11.4395 456.781
566.115 11.6764 455.573
568.497 11.9078 454.44
570.83 12.1312 453.391
573.112 12.3437 452.435
575.339 12.5428 451.581
577.507 12.7256 450.839
579.613 12.8896 450.218
581.654 13.0319 449.727
583.627 13.15 449.376
585.528 13.241 449.174
587.354 13.3024 449.13
589.102 13.3313 449.253
589.667 13.3333 449.333
591.306 13.3156 449.692
592.867 13.2635 450.222
594.355 13.1786 450.916
595.774 13.0626 451.764
597.13 12.9171 452.759
598.425 12.7437 453.892
599.667 12.5439 455.155
600.858 12.3196 456.539
602.004 12.0722 458.036
603.11 11.8033 459.638
604.179 11.5147 461.337
605.218 11.2079 463.123
606.23 10.8845 464.989
607.221 10.5462 466.925
608.194 10.1946 468.925
609.155 9.83125 470.979
610.109 9.45784 473.08
611.06 9.07597 475.218
612.012 8.68726 477.385
612.971 8.29333 479.573
613.941 7.89581 481.774
614.926 7.49629 483.979
615.933 7.09643 486.18
616.964 6.69782 488.369
618.026 6.30209 490.536
619.122 5.91086 492.675
620.258 5.52575 494.776
621.437 5.14838 496.83
622.666 4.78037 498.831
623.948 4.42334 500.768
625.288 4.07891 502.635
626.69 3.7487 504.422
628.161 3.43433 506.121
628.667 3.33333 506.667
630.233 3.04224 508.237
631.874 2.76861 509.707
633.587 2.5119 511.075
635.374 2.27157 512.341
637.232 2.04708 513.502
639.163 1.83789 514.558
641.166 1.64346 515.507
643.241 1.46325 516.348
645.386 1.29672 517.08
647.603 1.14333 517.701
649.89 1.00254 518.21
652.247 0.873814 518.605
654.674 0.756603 518.887
657.171 0.650373 519.052
659.737 0.554583 519.1
662.372 0.468694 519.03
665.076 0.392163 518.84
667.847 0.324453 518.529
670.687 0.265023 518.096
673.595 0.213334 517.539
676.57 0.168844 516.857
679.611 0.131013 516.049
682.72 0.0993037 515.113
685.895 0.0731738 514.049
689.135 0.0520833 512.854
692.442 0.0354934 511.528
695.814 0.0228628 510.07
699.251 0.0136534 508.477
702.753 0.00732303 506.749
706.319 0.00333309 504.885
