39.1067 1.33333 40.0933
39.2088 1.35661 40.0898
39.3114 1.37845 40.0863
39.4142 1.39885 40.0828
39.5174 1.41781 40.0794
39.6209 1.43533 40.0761
39.7247 1.45141 40.0728
39.8287 1.46605 40.0695
39.9331 1.47925 40.0663
40.0377 1.49101 40.0631
40.1425 1.50133 40.0598
40.2476 1.51021 40.0566
40.3529 1.51765 40.0534
40.4583 1.52365 40.0502
40.564 1.52821 40.047
40.6699 1.53133 40.0438
40.7759 1.53301 40.0405
40.8821 1.53325 40.0372
40.9884 1.53205 40.0339
41.0948 1.52941 40.0305
41.2014 1.52533 40.0271
41.308 1.51981 40.0236
41.4148 1.51285 40.0201
41.5216 1.50445 40.0164
41.6285 1.49461 40.0127
41.7354 1.48333 40.009
41.8424 1.47061 40.0051
41.9494 1.45645 40.0011
42.0564 1.44085 39.997
42.1634 1.42381 39.9929
42.2703 1.40533 39.9886
42.3773 1.38541 39.9842
42.4842 1.36405 39.9796
42.5911 1.34125 39.9749
42.6267 1.33333 39.9733
42.7334 1.30863 39.9685
42.8402 1.28257 39.9634
42.9469 1.25524 39.9581
43.0537 1.22673 39.9526
43.1605 1.19713 39.9468
43.2674 1.16652 39.9407
43.3745 1.13499 39.9342
43.4817 1.10263 39.9274
43.5891 1.06951 39.9201
43.6968 1.03573 39.9124
43.8048 1.00138 39.9042
43.913 0.966537 39.8954
44.0216 0.93129 39.8861
44.1306 0.895727 39.8762
44.24 0.859933 39.8657
44.3498 0.823996 39.8545
44.4602 0.788001 39.8426
44.571 0.752034 39.83
44.6824 0.716183 39.8166
44.7943 0.680534 39.8025
44.9069 0.645172 39.7874
45.0202 0.610185 39.7716
45.1341 0.575658 39.7548
45.2488 0.541679 39.737
45.3642 0.508334 39.7183
45.4804 0.475708 39.6986
45.5974 0.443889 39.6779
45.7153 0.412962 39.656
45.8341 0.383015 39.6331
45.9538 0.354134 39.609
46.0745 0.326404 39.5837
46.1961 0.299913 39.5573
46.3189 0.274747 39.5295
46.36 0.266667 39.52
46.4841 0.243379 39.4905
46.6092 0.221489 39.4598
46.7351 0.200952 39.4276
46.8618 0.181726 39.3941
46.9892 0.163767 39.3592
47.117 0.147031 39.3228
47.2452 0.131477 39.2849
47.3738 0.11706 39.2455
47.5025 0.103738 39.2046
47.6313 0.0914667 39.1622
47.76 0.0802035 39.1181
47.8886 0.0699051 39.0724
48.0169 0.0605283 39.025
48.1449 0.0520299 38.976
48.2723 0.0443667 38.9252
48.3992 0.0374955 38.8727
48.5253 0.0313731 38.8184
48.6506 0.0259563 38.7623
48.7749 0.0212019 38.7043
48.8982 0.0170667 38.6445
49.0204 0.0135075 38.5828
49.1412 0.0104811 38.5191
49.2607 0.0079443 38.4535
49.3787 0.00585391 38.3859
49.495 0.00416667 38.3162
49.6096 0.00283947 38.2446
49.7224 0.00182902 38.1708
49.8332 0.00109228 38.0949
49.942 0.000585842 38.0169
50.0486 0.000266647 37.9367
50.1529 9.14891e-05 37.8543
50.2547 1.7039e-05 37.7697
50.3541 2.54313e-07 37.6828
50.3867 0 37.6533
50.4825 0 37.5634
50.5757 0 37.4712
50.6663 0 37.3769
50.7542 0 37.2805
50.8395 0 37.1822
50.9221 0 37.0819
51.002 0 36.9797
51.0794 0 36.8758
51.1541 0 36.7703
51.2262 0 36.6631
51.2957 0 36.5544
51.3625 0 36.4442
51.4267 0 36.3327
51.4884 0 36.2199
51.5474 0 36.1059
51.6038 0 35.9907
51.6576 0 35.8745
51.7089 0 35.7573
51.7576 0 35.6392
51.8036 0 35.5202
51.8471 0 35.4005
51.888 0 35.2802
51.9264 0 35.1592
51.9622 0 35.0377
51.9954 0 34.9158
52.0261 0 34.7936
52.0542 0 34.671
52.0798 0 34.5483
52.1028 0 34.4254
52.1233 0 34.3025
52.1413 0 34.1796
52.1567 0 34.0568
52.1696 0 33.9342
52.1733 0 33.8933
52.1829 0 33.7711
52.1899 0 33.6491
52.1944 0 33.5275
52.1964 0 33.4063
52.1959 0 33.2854
52.1929 0 33.1649
52.1874 0 33.0448
52.1795 0 32.9252
52.169 0 32.806
52.1561 0 32.6873
52.1406 0 32.5691
52.1227 0 32.4515
52.1024 0 32.3344
52.0795 0 32.2178
52.0543 0 32.1019
52.0265 0 31.9865
51.9963 0 31.8718
51.9637 0 31.7578
51.9286 0 31.6444
51.8911 0 31.5317
51.8511 0 31.4198
51.8088 0 31.3086
51.764 0 31.1981
51.7167 0 31.0884
51.6671 0 30.9796
51.615 0 30.8716
51.5606 0 30.7644
51.5037 0 30.6581
51.4444 0 30.5526
51.3828 0 30.4481
51.3187 0 30.3446
51.2523 0 30.242
51.1835 0 30.1403
51.16 0 30.1067
51.088 0 30.0064
51.0137 0 29.9071
50.9369 0 29.8088
50.8579 0 29.7116
50.7765 0 29.6154
50.6927 0 29.5202
50.6067 0 29.4261
50.5183 0 29.3331
50.4276 0 29.2411
50.3346 0 29.1501
50.2394 0 29.0603
50.1418 0 28.9715
50.042 0 28.8838
49.9399 0 28.7972
49.8356 0 28.7117
49.729 0 28.6273
49.6201 0 28.544
49.5091 0 28.4619
49.3958 0 28.3808
49.2803 0 28.3009
49.1626 0 28.2221
49.0427 0 28.1445
48.9207 0 28.068
48.7964 0 27.9927
48.67 0 27.9185
48.5414 0 27.8456
48.4107 0 27.7737
48.2778 0 27.7031
48.1428 0 27.6337
48.0057 0 27.5654
47.8664 0 27.4984
47.7251 0 27.4326
47.5816 0 27.3679
47.5333 0 27.3467
47.3871 0 27.2837
47.2388 0 27.2219
47.0885 0 27.1613
46.9362 0 27.1018
46.782 0 27.0435
46.6259 0 26.9862
46.468 0 26.9301
46.3082 0 26.875
46.1467 0 26.8209
45.9834 0 26.7679
45.8184 0 26.7158
45.6518 0 26.6648
45.4835 0 26.6146
45.3137 0 26.5654
45.1423 0 26.517
44.9694 0 26.4695
44.7951 0 26.4229
44.6193 0 26.3771
44.4421 0 26.332
44.2636 0 26.2878
44.0837 0 26.2443
43.9026 0 26.2015
43.7203 0 26.1594
43.5368 0 26.118
43.3521 0 26.0773
43.1663 0 26.0372
42.9794 0 25.9977
42.7915 0 25.9587
42.6026 0 25.9204
42.4127 0 25.8825
42.2219 0 25.8452
42.0302 0 25.8084
41.8377 0 25.772
41.7733 0 25.76
41.5798 0 25.7242
41.3855 0 25.6889
41.1905 0 25.6541
40.995 0 25.6198
40.7991 0 25.5861
40.6027 0 25.553
40.406 0 25.5206
40.209 0 25.4888
40.0119 0 25.4577
39.8147 0 25.4274
39.6175 0 25.3978
39.4203 0 25.3691
39.2233 0 25.3412
39.0265 0 25.3141
38.83 0 25.288
38.6338 0 25.2629
38.4382 0 25.2387
38.243 0 25.2156
38.0485 0 25.1935
37.8546 0 25.1725
37.6615 0 25.1526
37.4693 0 25.1339
37.2779 0 25.1163
37.0876 0 25.1
36.8983 0 25.085
36.7102 0 25.0713
36.5233 0 25.0588
36.3378 0 25.0478
36.1536 0 25.0381
35.9709 0 25.0299
35.7897 0 25.0232
35.6101 0 25.0179
35.4322 0 25.0142
35.3733 0 25.0133
35.1978 0 25.0117
35.0241 0 25.0117
34.852 0 25.0133
34.6817 0 25.0164
34.513 0 25.0211
34.3459 0 25.0274
34.1803 0 25.0353
34.0162 0 25.0448
33.8536 0 25.0559
33.6925 0 25.0685
33.5327 0 25.0828
33.3743 0 25.0986
33.2172 0 25.116
33.0614 0 25.135
32.9067 0 25.1555
32.7533 0 25.1777
32.601 0 25.2014
32.4498 0 25.2267
32.2997 0 25.2536
32.1506 0 25.2821
32.0025 0 25.3122
31.8553 0 25.3439
31.709 0 25.3771
31.5636 0 25.4119
31.419 0 25.4483
31.2751 0 25.4863
31.132 0 25.5259
30.9896 0 25.5671
30.8478 0 25.6098
30.7067 0 25.6541
30.5661 0 25.7
30.426 0 25.7475
30.2864 0 25.7966
30.24 0 25.8133
30.101 0 25.8645
29.9625 0 25.9173
29.8246 0 25.9718
29.6872 0 26.0279
29.5505 0 26.0857
29.4145 0 26.1452
29.2793 0 26.2064
29.1448 0 26.2694
29.0113 0 26.3342
28.8786 0 26.4009
28.7469 0 26.4693
28.6163 0 26.5396
28.4867 0 26.6119
28.3582 0 26.686
28.231 0 26.7621
28.105 0 26.8402
27.9802 0 26.9202
27.8569 0 27.0023
27.7349 0 27.0865
27.6144 0 27.1727
27.4954 0 27.261
27.378 0 27.3515
27.2622 0 27.4441
27.148 0 27.5388
27.0356 0 27.6358
26.925 0 27.7351
26.8162 0 27.8365
26.7093 0 27.9403
26.6044 0 28.0464
26.5014 0 28.1548
26.4005 0 28.2655
26.3017 0 28.3787
26.2051 0 28.4943
26.1733 0 28.5333
26.0797 0 28.6521
25.9882 0 28.7733
25.8991 0 28.8968
25.8123 0 29.0224
25.7279 0 29.1501
25.6459 0 29.2799
25.5663 0 29.4116
25.4891 0 29.5451
25.4145 0 29.6804
25.3423 0 29.8173
25.2728 0 29.9559
25.2058 0 30.0959
25.1414 0 30.2374
25.0797 0 30.3801
25.0207 0 30.5241
24.9643 0 30.6693
24.9108 0 30.8155
24.86 0 30.9627
24.812 0 31.1108
24.7669 0 31.2597
24.7247 0 31.4094
24.6854 0 31.5596
24.649 0 31.7104
24.6156 0 31.8617
24.5852 0 32.0133
24.5579 0 32.1653
24.5336 0 32.3174
24.5124 0 32.4696
24.4944 0 32.6219
24.4795 0 32.7741
24.4679 0 32.9262
24.4595 0 33.078
24.4543 0 33.2296
24.4533 0 33.28
24.4526 0 33.431
24.4551 0 33.5814
24.4609 0 33.7314
24.4698 0 33.8806
24.4819 0 34.0292
24.4972 0 34.177
24.5155 0 34.324
24.5368 0 34.4701
24.5611 0 34.6152
24.5885 0 34.7592
24.6187 0 34.9022
24.6518 0 35.044
24.6878 0 35.1846
24.7265 0 35.3238
24.7681 0 35.4617
24.8123 0 35.5982
24.8593 0 35.7331
24.9089 0 35.8665
24.9611 0 35.9983
25.0159 0 36.1283
25.0732 0 36.2566
25.133 0 36.383
25.1953 0 36.5075
25.26 0 36.6301
25.3271 0 36.7506
25.3965 0 36.869
25.4682 0 36.9853
25.5422 0 37.0993
25.6184 0 37.211
25.6968 0 37.3203
25.7773 0 37.4272
25.8599 0 37.5315
25.9446 0 37.6333
25.9733 0 37.6667
26.0607 0 37.7649
26.1501 0 37.8606
26.2412 0 37.9536
26.3342 0 38.044
26.4288 0 38.1319
26.525 0 38.2172
26.6227 0 38.3001
26.7219 0 38.3804
26.8223 0 38.4583
26.9241 0 38.5338
27.027 0 38.6068
27.131 0 38.6775
27.236 0 38.7458
27.342 0 38.8118
27.4487 0 38.8755
27.5563 0 38.937
27.6645 0 38.9961
27.7732 0 39.0531
27.8825 0 39.1078
27.9922 0 39.1604
28.1022 0 39.2109
28.2125 0 39.2592
28.3229 0 39.3054
28.4334 0 39.3496
28.544 0 39.3917
28.6544 0 39.4318
28.7646 0 39.4699
28.8746 0 39.506
28.9842 0 39.5402
29.0935 0 39.5725
29.2022 0 39.6029
29.3103 0 39.6315
29.4177 0 39.6582
29.4533 0 39.6667
29.5597 0 39.691
29.6654 0 39.7136
29.7703 0 39.7345
29.8745 0 39.7538
29.9779 0 39.7716
30.0807 0 39.788
30.1829 0 39.8029
30.2844 0 39.8166
30.3853 0 39.829
30.4857 0 39.8402
30.5855 0 39.8503
30.6848 0 39.8594
30.7835 0 39.8675
30.8818 0 39.8747
30.9796 0 39.881
31.077 0 39.8867
31.1739 0 39.8916
31.2705 0 39.8958
31.3667 0 39.8996
31.4626 0 39.9028
31.5582 0 39.9057
31.6534 0 39.9081
31.7484 0 39.9103
31.8432 0 39.9123
31.9377 0 39.9142
32.032 0 39.9159
32.1262 0 39.9177
32.2202 0 39.9196
32.3141 0 39.9215
32.4079 0 39.9237
32.5015 0 39.9262
32.5952 0 39.929
32.6888 0 39.9322
32.72 0 39.9333
32.8136 7.2e-06 39.9372
32.9072 5.76e-05 39.9415
33.0008 0.0001944 39.9463
33.0944 0.0004608 39.9514
33.188 0.0009 39.957
33.2817 0.0015552 39.9629
33.3753 0.0024696 39.9692
33.469 0.0036864 39.9757
33.5627 0.0052488 39.9825
33.6564 0.0072 39.9895
33.7501 0.0095832 39.9967
33.8438 0.0124416 40.0041
33.9376 0.0158184 40.0116
34.0314 0.0197568 40.0193
34.1252 0.0243 40.027
34.2191 0.0294912 40.0348
34.313 0.0353736 40.0426
34.4069 0.0419904 40.0504
34.5009 0.0493848 40.0581
34.5949 0.0576 40.0658
34.6889 0.0666792 40.0734
34.783 0.0766656 40.0808
34.8772 0.0876023 40.0881
34.9714 0.0995327 40.0952
35.0656 0.1125 40.1021
35.1599 0.126547 40.1087
35.2543 0.141717 40.115
35.3487 0.158054 40.1211
35.4432 0.175601 40.1267
35.5377 0.1944 40.1321
35.6323 0.214495 40.137
35.727 0.235929 40.1414
35.8217 0.258746 40.1454
35.8533 0.266667 40.1467
35.9482 0.291372 40.15
36.0431 0.317431 40.1529
36.1381 0.344758 40.1553
36.2332 0.373265 40.1572
36.3284 0.402867 40.1587
36.4237 0.433476 40.1598
36.5192 0.465007 40.1605
36.6148 0.497374 40.1608
36.7105 0.530489 40.1608
36.8064 0.564267 40.1603
36.9024 0.59862 40.1596
36.9986 0.633463 40.1586
37.095 0.66871 40.1572
37.1915 0.704273 40.1556
37.2883 0.740067 40.1537
37.3852 0.776004 40.1516
37.4824 0.811999 40.1492
37.5798 0.847966 40.1466
37.6774 0.883817 40.1438
37.7753 0.919467 40.1409
37.8733 0.954828 40.1378
37.9717 0.989815 40.1346
38.0703 1.02434 40.1312
38.1692 1.05832 40.1277
38.2683 1.09167 40.1242
38.3678 1.12429 40.1205
38.4675 1.15611 40.1168
38.5676 1.18704 40.1131
38.6679 1.21698 40.1094
38.7686 1.24587 40.1056
38.8696 1.2736 40.1019
